FID	IID	Active	Reinfs	ActivesD1	ReinfsD1	ActivesD2	ReinfsD2	ActivesD3	ReinfsD3	ActiveLG	ReinfsLG	ActivesD1LG	ReinfsD1LG	ActivesD2LG	ReinfsD2LG																																																																																																													
NOD.ShiLtJ	1	6452	1464	2044	464	2237	500	2171	500	3.809761665	3.165837625	3.310693312	2.667452953	3.349860082	2.699837726																																																																																																													
NOD.ShiLtJ	2	5467	1242	2071	440	1223	302	2173	500	3.737828506	3.094471129	3.316389751	2.644438589	3.087781418	2.481442629																																																																																																													
DBA.1J	3	25	24	3	3	2	2	20	19	1.414973348	1.397940009	0.602059991	0.602059991	0.477121255	0.477121255																																																																																																													
DBA.1J	4	35	33	8	8	3	3	24	22	1.556302501	1.531478917	0.954242509	0.954242509	0.602059991	0.602059991																																																																																																													
A.J	5	1098	383	38	34	300	128	760	221	3.040997692	2.584331224	1.591064607	1.544068044	2.478566496	2.11058971																																																																																																													
A.J	6	2332	622	35	32	303	128	1994	462	3.367914739	2.794488047	1.556302501	1.51851394	2.482873584	2.11058971																																																																																																													
129X1.SvJ	7	2	2	1	1	0	0	1	1	0.477121255	0.477121255	0.301029996	0.301029996	0	0																																																																																																													
129X1.SvJ	8	3	3	2	2	0	0	1	1	0.602059991	0.602059991	0.477121255	0.477121255	0	0																																																																																																													
C3H.HeJ	9	25	25	5	5	5	5	15	15	1.414973348	1.414973348	0.77815125	0.77815125	0.77815125	0.77815125																																																																																																													
C3H.HeJ	10	397	154	5	5	4	3	388	146	2.599883072	2.190331698	0.77815125	0.77815125	0.698970004	0.602059991																																																																																																													
BALB.cJ	11	6483	1500	2160	500	2165	500	2158	500	3.811843006	3.176380692	3.334654767	2.699837726	3.335658452	2.699837726																																																																																																													
BALB.cJ	12	5569	1312	1230	312	2174	500	2165	500	3.745855195	3.118264726	3.090258053	2.495544338	3.337459261	2.699837726																																																																																																													
SJL.J	13	11	11	4	4	5	5	2	2	1.079181246	1.079181246	0.698970004	0.698970004	0.77815125	0.77815125																																																																																																													
SJL.J	14	2506	631	5	5	363	142	2138	484	3.399154334	2.800717078	0.77815125	0.77815125	2.561101384	2.155336037																																																																																																													
BALB.cByJ	15	6502	1500	2171	500	2167	500	2164	500	3.813113754	3.176380692	3.336859821	2.699837726	3.336059278	2.699837726																																																																																																													
BALB.cByJ	16	4690	1137	359	137	2173	500	2158	500	3.671265433	3.056142262	2.556302501	2.139879086	3.33725954	2.699837726																																																																																																													
FVB.NJ	17	7105	1500	2294	500	2435	500	2376	500	3.851625203	3.176380692	3.36078269	2.699837726	3.386677284	2.699837726																																																																																																													
FVB.NJ	18	4367	1015	15	15	2174	500	2178	500	3.64028263	3.006893708	1.204119983	1.204119983	3.337459261	2.699837726																																																																																																													
C57BL.10J	19	6126	1388	1636	388	2256	500	2234	500	3.78724788	3.142702246	3.214048679	2.589949601	3.353531559	2.699837726																																																																																																													
C57BL.10J	20	4583	1118	942	258	2098	486	1543	374	3.661244609	3.048830087	2.974511693	2.413299764	3.322012439	2.687528961																																																																																																													
C3HeB.FeJ	21	803	302	5	5	186	107	612	190	2.905256049	2.481442629	0.77815125	0.77815125	2.271841607	2.033423755																																																																																																													
C3HeB.FeJ	22	12	12	4	4	3	3	5	5	1.113943352	1.113943352	0.698970004	0.698970004	0.602059991	0.602059991																																																																																																													
KK.HlJ	23	1689	545	364	142	738	216	587	187	3.227886705	2.737192643	2.562292864	2.155336037	2.868644438	2.336459734																																																																																																													
KK.HlJ	24	2702	742	1383	341	1013	270	306	131	3.431846046	2.870988814	3.14113609	2.534026106	3.006037955	2.432969291																																																																																																													
C57BL.6J	25	4945	1176	1314	327	1913	442	1718	407	3.694254112	3.070776463	3.118925753	2.515873844	3.281941933	2.646403726																																																																																																													
C57BL.6J	26	4216	1034	1487	360	1463	355	1266	319	3.625003601	3.01494035	3.172602931	2.557507202	3.165541077	2.551449998																																																																																																													
C57BL.6J	27	4	4	3	3	0	0	1	1	0.698970004	0.698970004	0.602059991	0.602059991	0	0																																																																																																													
BXD95.RwwJ	28	10	10	10	10	0	0	0	0	1.041392685	1.041392685	1.041392685	1.041392685	0	0																																																																																																													
BXD95.RwwJ	29	2055	574	42	40	710	209	1303	325	3.31302311	2.759667845	1.633468456	1.612783857	2.851869601	2.322219295																																																																																																													
BXD60.RwwJ	30	2912	772	174	103	819	228	1919	441	3.464340485	2.888179494	2.243038049	2.017033339	2.913813852	2.359835482																																																																																																													
BXD60.RwwJ	31	1199	443	199	107	432	153	568	183	3.079181246	2.64738297	2.301029996	2.033423755	2.636487896	2.187520721																																																																																																													
DBA.2J	32	2712	735	593	184	1032	270	1087	281	3.433449794	2.866877814	2.773786445	2.267171728	3.014100322	2.432969291																																																																																																													
DBA.2J	33	9	9	8	8	0	0	1	1	1	1	0.954242509	0.954242509	0	0																																																																																																													
DBA.2J	34	-9	-9	-9	-9	-9	-9	-9	-9	-9	-9	-9	-9	-9	-9																																																																																																													
BXD77.RwwJ	35	2061	611	261	120	1155	295	645	196	3.314288661	2.786751422	2.418301291	2.08278537	3.062957834	2.471291711																																																																																																													
BXD40.TyJ	36	5037	1174	1645	388	1830	420	1562	366	3.702258163	3.070037867	3.216429831	2.589949601	3.262688344	2.624282096																																																																																																													
BXD9.TyJ	37	4456	994	1568	348	1475	334	1413	312	3.649042634	2.997823081	3.195622944	2.542825427	3.169086357	2.525044807																																																																																																													
BXD9.TyJ	38	3280	833	742	210	1382	334	1156	289	3.51600623	2.921166051	2.870988814	2.324282455	3.14082218	2.525044807																																																																																																													
BXD9.TyJ	39	5491	1244	1464	340	1994	445	2033	459	3.739730529	3.095169351	3.165837625	2.532754379	3.2999429	2.649334859																																																																																																													
BXD65.RwwJ	40	1854	550	476	154	610	183	768	213	3.268343914	2.741151599	2.678518379	2.190331698	2.78604121	2.264817823																																																																																																													
BXD65.RwwJ	41	3772	940	1633	388	1040	266	1099	286	3.576686805	2.973589623	3.213252052	2.589949601	3.01745073	2.426511261																																																																																																													
BXD62.RwwJ	42	963	275	18	17	0	0	945	258	2.984077034	2.440909082	1.278753601	1.255272505	0	0																																																																																																													
BXD62.RwwJ	43	2366	677	280	124	467	161	1619	392	3.374198258	2.831229694	2.44870632	2.096910013	2.670245853	2.209515015																																																																																																													
BXD62.RwwJ	44	2791	762	1006	266	678	205	1107	291	3.445915414	2.882524538	3.003029471	2.426511261	2.831869774	2.31386722																																																																																																													
BXD51.RwwJ	45	1716	540	138	91	378	143	1200	306	3.234770295	2.733197265	2.1430148	1.963787827	2.57863921	2.158362492																																																																																																													
BXD51.RwwJ	46	6202	1434	1887	444	2162	497	2153	493	3.792601781	3.156851901	3.27600199	2.648360011	3.335056519	2.697229343																																																																																																													
BXD51.RwwJ	47	5011	1207	1168	303	1675	404	2168	500	3.700011062	3.082066934	3.067814511	2.482873584	3.224274014	2.607455023																																																																																																													
BXD96.RwwJ	48	5320	1269	1826	432	1379	346	2115	491	3.725993259	3.103803721	3.261738547	2.636487896	3.139879086	2.540329475																																																																																																													
BXD66.RwwJ	49	1730	489	9	9	774	223	947	257	3.238297068	2.69019608	1	1	2.889301703	2.350248018																																																																																																													
BXD66.RwwJ	50	11	11	9	9	1	1	1	1	1.079181246	1.079181246	1	1	0.301029996	0.301029996																																																																																																													
BXD66.RwwJ	51	9	9	5	5	3	3	1	1	1	1	0.77815125	0.77815125	0.602059991	0.602059991																																																																																																													
BXD48.RwwJ	52	55	47	9	9	1	1	45	37	1.748188027	1.681241237	1	1	0.301029996	0.301029996																																																																																																													
BXD48.RwwJ	53	11	11	6	6	4	4	1	1	1.079181246	1.079181246	0.84509804	0.84509804	0.698970004	0.698970004																																																																																																													
BXD96.RwwJ	54	5791	1285	1605	362	2091	456	2095	467	3.762828553	3.109240969	3.205745541	2.559906625	3.32056168	2.6599162																																																																																																													
BXD90.RwwJ	55	1743	503	65	56	704	201	974	246	3.241546481	2.702430536	1.819543936	1.755874856	2.848189117	2.305351369																																																																																																													
BXD90.RwwJ	56	1	1	0	0	1	1	0	0	0.301029996	0.301029996	0	0	0.301029996	0.301029996																																																																																																													
BXD9.TyJ	57	2980	793	646	196	1240	312	1094	285	3.474361976	2.899820502	2.810904281	2.294466226	3.093771781	2.495544338																																																																																																													
BXD9.TyJ	58	2072	608	638	191	792	222	642	195	3.316599302	2.784617293	2.805500858	2.283301229	2.899273187	2.348304863																																																																																																													
BXD65.RwwJ	59	23	22	16	15	5	5	2	2	1.380211242	1.361727836	1.230448921	1.204119983	0.77815125	0.77815125																																																																																																													
BXD65.RwwJ	60	753	354	246	116	274	122	233	116	2.877371346	2.550228353	2.392696953	2.068185862	2.439332694	2.089905111																																																																																																													
BXD1.TyJ	61	6	6	5	5	0	0	1	1	0.84509804	0.84509804	0.77815125	0.77815125	0	0																																																																																																													
BXD1.TyJ	62	3265	844	182	102	1306	325	1777	417	3.51401618	2.926856709	2.26245109	2.012837225	3.116275588	2.5132176																																																																																																													
BXD1.TyJ	63	3	3	1	1	1	1	1	1	0.602059991	0.602059991	0.301029996	0.301029996	0.301029996	0.301029996																																																																																																													
BXD24.TyJ	64	1670	536	978	261	387	145	305	130	3.22297645	2.729974286	2.990782692	2.418301291	2.588831726	2.164352856																																																																																																													
BXD24.TyJ	65	353	188	24	22	45	43	284	123	2.549003262	2.276461804	1.397940009	1.361727836	1.662757832	1.643452676																																																																																																													
BXD29.TyJ	66	10	9	9	8	0	0	1	1	1.041392685	1	1	0.954242509	0	0																																																																																																													
BXD29.TyJ	67	5	4	3	2	2	2	0	0	0.77815125	0.698970004	0.602059991	0.477121255	0.477121255	0.477121255																																																																																																													
BXD39.TyJ	68	10	8	8	6	1	1	1	1	1.041392685	0.954242509	0.954242509	0.84509804	0.301029996	0.301029996																																																																																																													
BXD39.TyJ	69	7	7	4	4	1	1	2	2	0.903089987	0.903089987	0.698970004	0.698970004	0.301029996	0.301029996																																																																																																													
BXD48.RwwJ	70	4426	1077	1212	308	1289	323	1925	446	3.646109522	3.032618761	3.083860801	2.489958479	3.11058971	2.51054501																																																																																																													
BXD48.RwwJ	71	0	0	0	0	0	0	0	0	0	0	0	0	0	0																																																																																																													
BXD48.RwwJ	72	2404	688	317	133	780	224	1307	331	3.381115081	2.838219222	2.50242712	2.127104798	2.892651034	2.352182518																																																																																																													
BXD60.RwwJ	73	401	157	6	6	6	6	389	145	2.604226053	2.198657087	0.84509804	0.84509804	0.84509804	0.84509804																																																																																																													
BXD60.RwwJ	74	4768	1128	908	246	1605	382	2255	500	3.678427322	3.052693942	2.958563883	2.392696953	3.205745541	2.583198774																																																																																																													
BXD60.RwwJ	75	965	389	237	115	314	128	414	146	2.984977126	2.591064607	2.376576957	2.064457989	2.498310554	2.11058971																																																																																																													
BXD84.RwwJ	76	125	88	12	10	9	9	104	69	2.100370545	1.949390007	1.113943352	1.041392685	1	1																																																																																																													
BXD84.RwwJ	77	5390	1226	1337	319	1777	407	2276	500	3.731669332	3.088844563	3.126456113	2.505149978	3.249931757	2.610660163																																																																																																													
BXD100.RwwJ	78	812	368	274	124	205	109	333	135	2.910090546	2.567026366	2.439332694	2.096910013	2.31386722	2.041392685																																																																																																													
BXD100.RwwJ	79	1382	481	194	106	410	150	778	225	3.14082218	2.683047038	2.290034611	2.029383778	2.613841822	2.178976947																																																																																																													
BXD100.RwwJ	80	8	8	5	5	1	1	2	2	0.954242509	0.954242509	0.77815125	0.77815125	0.301029996	0.301029996																																																																																																													
BXD68.RwwJ	81	5	5	5	5	0	0	0	0	0.77815125	0.77815125	0.77815125	0.77815125	0	0																																																																																																													
BXD68.RwwJ	82	5	5	4	4	1	1	0	0	0.77815125	0.77815125	0.698970004	0.698970004	0.301029996	0.301029996																																																																																																													
BXD42.TyJ	83	485	171	4	4	2	2	479	165	2.686636269	2.235528447	0.698970004	0.698970004	0.477121255	0.477121255																																																																																																													
BXD42.TyJ	84	0	0	0	0	0	0	0	0	0	0	0	0	0	0																																																																																																													
BXD29.TyJ	85	85	70	4	4	4	4	77	62	1.934498451	1.851258349	0.698970004	0.698970004	0.698970004	0.698970004																																																																																																													
BXD29.TyJ	86	503	175	3	3	2	2	498	170	2.702430536	2.245512668	0.602059991	0.602059991	0.477121255	0.477121255																																																																																																													
BXD77.RwwJ	87	14	13	9	9	2	2	3	2	1.176091259	1.146128036	1	1	0.477121255	0.477121255																																																																																																													
BXD77.RwwJ	88	4	4	2	2	0	0	2	2	0.698970004	0.698970004	0.477121255	0.477121255	0	0																																																																																																													
BXD68.RwwJ	89	5983	1370	1554	370	2216	500	2213	500	3.776991585	3.137037455	3.191730393	2.56937391	3.345765693	2.699837726																																																																																																													
BXD40.TyJ	90	5	5	4	4	1	1	0	0	0.77815125	0.77815125	0.698970004	0.698970004	0.301029996	0.301029996																																																																																																													
BXD32.TyJ	91	3719	945	300	128	1712	409	1707	408	3.57054294	2.975891136	2.478566496	2.11058971	3.233757363	2.612783857																																																																																																													
BXD32.TyJ	92	3	3	2	2	1	1	0	0	0.602059991	0.602059991	0.477121255	0.477121255	0.301029996	0.301029996																																																																																																													
BXD24.TyJ	93	583	309	107	76	278	124	198	110	2.766412847	2.491361694	2.033423755	1.886490725	2.445604203	2.096910013																																																																																																													
BXD24.TyJ	94	1301	460	170	103	715	209	416	149	3.114610984	2.663700925	2.23299611	2.017033339	2.854913022	2.322219295																																																																																																													
BXD60.RwwJ	95	6	6	2	2	3	3	1	1	0.84509804	0.84509804	0.477121255	0.477121255	0.602059991	0.602059991																																																																																																													
BXD60.RwwJ	96	4	3	3	2	1	1	0	0	0.698970004	0.602059991	0.602059991	0.477121255	0.301029996	0.301029996																																																																																																													
BXD39.TyJ	97	4	4	2	2	1	1	1	1	0.698970004	0.698970004	0.477121255	0.477121255	0.301029996	0.301029996																																																																																																													
BXD39.TyJ	98	4	4	2	2	2	2	0	0	0.698970004	0.698970004	0.477121255	0.477121255	0.477121255	0.477121255																																																																																																													
BXD39.TyJ	99	1	1	1	1	0	0	0	0	0.301029996	0.301029996	0.301029996	0.301029996	0	0																																																																																																													
BXD40.TyJ	100	5368	1202	1722	398	1838	408	1808	396	3.729893404	3.080265627	3.236285277	2.600972896	3.264581729	2.611723308																																																																																																													
BXD40.TyJ	101	4024	985	1805	420	1215	304	1004	261	3.604765885	2.993876915	3.256717746	2.624282096	3.084933575	2.484299839																																																																																																													
BXD42.TyJ	102	4341	1042	1249	311	1421	341	1671	390	3.637689819	3.018284308	3.096910013	2.494154594	3.152899596	2.534026106																																																																																																													
BXD42.TyJ	103	3470	873	1006	261	1350	328	1114	284	3.540454614	2.941511433	3.003029471	2.418301291	3.130655349	2.517195898																																																																																																													
BXD42.TyJ	104	8	7	4	4	0	0	4	3	0.954242509	0.903089987	0.698970004	0.698970004	0	0																																																																																																													
BXD65.RwwJ	105	9	9	4	4	1	1	4	4	1	1	0.698970004	0.698970004	0.301029996	0.301029996																																																																																																													
BXD65.RwwJ	106	228	150	19	18	34	31	175	101	2.359835482	2.178976947	1.301029996	1.278753601	1.544068044	1.505149978																																																																																																													
BXD68.RwwJ	107	47	43	5	5	1	1	41	37	1.681241237	1.643452676	0.77815125	0.77815125	0.301029996	0.301029996																																																																																																													
BXD68.RwwJ	108	6	6	4	4	1	1	1	1	0.84509804	0.84509804	0.698970004	0.698970004	0.301029996	0.301029996																																																																																																													
BXD42.TyJ	109	5083	1201	1133	290	1917	441	2033	470	3.706205542	3.079904468	3.054613055	2.463892989	3.282848603	2.645422269																																																																																																													
BXD42.TyJ	110	1882	579	436	155	716	211	730	213	3.27485032	2.763427994	2.640481437	2.193124598	2.855519156	2.326335861																																																																																																													
BXD42.TyJ	111	5063	1177	1634	385	1604	376	1825	416	3.704493697	3.07114529	3.213517757	2.586587305	3.205475037	2.57634135																																																																																																													
C57L.J	112	5718	1342	1461	358	2168	500	2089	484	3.757320097	3.128076013	3.164947373	2.555094449	3.336259552	2.699837726																																																																																																													
C57L.J	113	6584	1500	2192	500	2203	500	2189	500	3.818555779	3.176380692	3.341038632	2.699837726	3.34321159	2.699837726																																																																																																													
PL.J	114	7	7	4	4	2	2	1	1	0.903089987	0.903089987	0.698970004	0.698970004	0.477121255	0.477121255																																																																																																													
PL.J	115	1600	524	409	150	680	204	511	170	3.204391332	2.720159303	2.612783857	2.178976947	2.833147112	2.311753861																																																																																																													
MRL.MpJ	116	6419	1488	2097	488	2154	500	2168	500	3.807535028	3.172894698	3.321805484	2.689308859	3.333447274	2.699837726																																																																																																													
MRL.MpJ	117	6852	1500	2218	500	2262	500	2372	500	3.835880732	3.176380692	3.346157302	2.699837726	3.354684554	2.699837726																																																																																																													
CBA.J	118	6537	1464	2029	464	2228	500	2280	500	3.815444916	3.165837625	3.307496038	2.667452953	3.348110068	2.699837726																																																																																																													
CBA.J	119	4916	1124	283	124	2275	500	2358	500	3.691700208	3.051152522	2.45331834	2.096910013	3.357172258	2.699837726																																																																																																													
AKR.J	120	1142	435	150	98	792	228	200	109	3.05804623	2.639486489	2.178976947	1.995635195	2.899273187	2.359835482																																																																																																													
AKR.J	121	320	186	6	6	78	63	236	117	2.506505032	2.271841607	0.84509804	0.84509804	1.897627091	1.806179974																																																																																																													
NZB.BlNJ	122	5877	1376	1543	376	2165	500	2169	500	3.769229582	3.13893394	3.188647296	2.57634135	3.335658452	2.699837726																																																																																																													
NZB.BlNJ	123	782	317	32	31	275	122	475	164	2.893761762	2.50242712	1.51851394	1.505149978	2.440909082	2.089905111																																																																																																													
SM.J	124	1926	548	38	38	366	140	1522	370	3.284881715	2.739572344	1.591064607	1.591064607	2.564666064	2.149219113																																																																																																													
SM.J	125	5686	1321	1284	322	2194	499	2208	500	3.754883228	3.121231455	3.108903128	2.509202522	3.341434525	2.698970004																																																																																																													
NZW.LacJ	126	3962	992	1216	310	1217	310	1529	372	3.598024072	2.996949248	3.085290578	2.492760389	3.085647288	2.492760389																																																																																																													
NZW.LacJ	127	1004	403	176	103	338	135	490	165	3.002166062	2.606381365	2.247973266	2.017033339	2.530199698	2.133538908																																																																																																													
129S1.SvImJ	128	4	4	4	4	0	0	0	0	0.698970004	0.698970004	0.698970004	0.698970004	0	0																																																																																																													
129S1.SvImJ	129	3	3	2	2	1	1	0	0	0.602059991	0.602059991	0.477121255	0.477121255	0.301029996	0.301029996																																																																																																													
LP.J	130	184	109	9	8	0	0	175	101	2.267171728	2.041392685	1	0.954242509	0	0																																																																																																													
LP.J	131	6	5	3	3	1	1	2	1	0.84509804	0.77815125	0.602059991	0.602059991	0.301029996	0.301029996																																																																																																													
C57BLKS.J	134	5173	1216	1585	382	1360	334	2228	500	3.713826424	3.085290578	3.200303183	2.583198774	3.133858125	2.525044807																																																																																																													
C57BLKS.J	135	2171	638	592	185	860	241	719	212	3.336859821	2.805500858	2.773054693	2.269512944	2.935003151	2.383815366																																																																																																													
BXD31.TyJ	142	3	3	1	1	2	2	0	0	0.602059991	0.602059991	0.301029996	0.301029996	0.477121255	0.477121255																																																																																																													
BXD31.TyJ	143	6583	1443	1970	443	2304	500	2309	500	3.818489822	3.159567193	3.294686624	2.64738297	3.36267093	2.699837726																																																																																																													
NON.ShiLtJ	144	6481	1500	2158	500	2163	500	2160	500	3.811709027	3.176380692	3.334252642	2.699837726	3.335257256	2.699837726																																																																																																													
NON.ShiLtJ	145	6167	1425	1804	425	2187	500	2176	500	3.790144365	3.154119526	3.256477206	2.629409599	3.340047318	2.699837726																																																																																																													
RIIIS.J	146	3372	872	831	231	1169	300	1372	341	3.528016341	2.941014244	2.920123326	2.365487985	3.068185862	2.478566496																																																																																																													
RIIIS.J	147	1642	531	368	141	391	147	883	243	3.215637563	2.725911632	2.567026366	2.152288344	2.593286067	2.170261715																																																																																																													
SEA.GnJ	148	2883	777	502	166	807	230	1574	381	3.459995256	2.890979597	2.701567985	2.222716471	2.907411361	2.36361198																																																																																																													
SEA.GnJ	149	3503	816	64	53	1243	298	2196	465	3.544564097	2.912222057	1.812913357	1.73239376	3.09482038	2.475671188																																																																																																													
ILS	150	4686	1126	1084	284	1892	442	1672	400	3.670894954	3.051923916	3.035429738	2.45484486	3.277150614	2.646403726																																																																																																													
ILS	151	4125	1000	965	255	1489	356	1671	389	3.615529224	3.000434077	2.984977126	2.408239965	3.173186268	2.552668216																																																																																																													
P.J	152	497	252	21	20	204	110	272	122	2.697229343	2.403120521	1.342422681	1.322219295	2.311753861	2.045322979																																																																																																													
P.J	153	947	396	303	129	369	143	275	124	2.976808337	2.598790507	2.482873584	2.113943352	2.568201724	2.158362492																																																																																																													
BUB.BnJ	154	3554	887	1083	279	1030	263	1441	345	3.550839605	2.948412966	3.035029282	2.447158031	3.013258665	2.421603927																																																																																																													
BUB.BnJ	155	1222	441	326	130	403	147	493	164	3.087426457	2.645422269	2.514547753	2.117271296	2.606381365	2.170261715																																																																																																													
BXD42.TyJ	158	5309	1246	1655	393	1767	415	1887	438	3.725094521	3.095866453	3.219060332	2.595496222	3.247482261	2.619093331																																																																																																													
BXD42.TyJ	159	190	116	8	8	2	2	180	106	2.281033367	2.068185862	0.954242509	0.954242509	0.477121255	0.477121255																																																																																																													
BXD42.TyJ	160	5027	1180	1994	453	1705	396	1328	331	3.701395269	3.072249898	3.2999429	2.657055853	3.231979027	2.598790507																																																																																																													
I.LnJ	161	6508	1500	2180	500	2164	500	2164	500	3.813514272	3.176380692	3.338655666	2.699837726	3.335457901	2.699837726																																																																																																													
CE.J	162	5543	1291	1910	441	2208	500	1425	350	3.743823222	3.111262514	3.281260687	2.645422269	3.344195716	2.699837726																																																																																																													
CE.J	163	3488	899	1586	385	1179	302	723	212	3.542700969	2.954242509	3.200576927	2.586587305	3.071882007	2.481442629																																																																																																													
BXD31.TyJ	164	6694	1500	2181	500	2231	500	2282	500	3.825750581	3.176380692	3.338854746	2.699837726	3.34869419	2.699837726																																																																																																													
FVB.NJ	165	7544	1500	2448	500	2472	500	2624	500	3.877659244	3.176380692	3.388988785	2.699837726	3.393224116	2.699837726																																																																																																													
BALB.cByJ	167	5183	1222	823	222	2183	500	2177	500	3.714664993	3.087426457	2.915927212	2.348304863	3.339252634	2.699837726																																																																																																													
BALB.cByJ	168	6486	1500	2165	500	2162	500	2159	500	3.812043898	3.176380692	3.335658452	2.699837726	3.335056519	2.699837726																																																																																																													
BALB.cJ	169	1235	323	4	4	7	7	1224	312	3.092018471	2.51054501	0.698970004	0.698970004	0.903089987	0.903089987																																																																																																													
BALB.cJ	170	3964	934	24	23	1756	411	2184	500	3.598243192	2.970811611	1.397940009	1.380211242	3.244771761	2.614897216																																																																																																													
ISS	171	6125	1415	1875	435	2077	480	2173	500	3.787176992	3.151063253	3.273232834	2.639486489	3.317645543	2.682145076																																																																																																													
ISS	172	6425	1451	2214	500	1985	454	2226	497	3.807940721	3.161966616	3.345373731	2.699837726	3.297979244	2.658011397																																																																																																													
LP.J	175	2251	649	712	208	883	242	656	199	3.352568386	2.812913357	2.85308953	2.320146286	2.946452265	2.385606274																																																																																																													
SM.J	176	3382	866	843	232	951	255	1588	379	3.529301998	2.938019097	2.926342447	2.367355921	2.978636948	2.408239965																																																																																																													
CXB1.ByJ	177	451	224	142	92	3	3	306	129	2.655138435	2.352182518	2.155336037	1.968482949	0.602059991	0.602059991																																																																																																													
CXB1.ByJ	178	6	6	6	6	0	0	0	0	0.84509804	0.84509804	0.84509804	0.84509804	0	0																																																																																																													
CXB1.ByJ	179	13	13	7	7	3	3	3	3	1.146128036	1.146128036	0.903089987	0.903089987	0.602059991	0.602059991																																																																																																													
CXB1.ByJ	180	4892	1185	1068	281	1676	404	2148	500	3.689575216	3.074084689	3.028977705	2.450249108	3.224533063	2.607455023																																																																																																													
RIIIS.J	181	1144	436	454	158	363	143	327	135	3.058805487	2.640481437	2.658011397	2.201397124	2.561101384	2.158362492																																																																																																													
RIIIS.J	182	1200	442	139	91	534	175	527	176	3.079543007	2.646403726	2.146128036	1.963787827	2.728353782	2.245512668																																																																																																													
RIIIS.J	183	923	394	246	120	413	152	264	122	2.965671971	2.596597096	2.392696953	2.08278537	2.617000341	2.184691431																																																																																																													
C3H.HeJ	185	3459	884	447	159	794	225	2218	500	3.539076099	2.946943271	2.651278014	2.204119983	2.900367129	2.354108439																																																																																																													
C3H.HeJ	186	305	137	5	5	4	4	296	128	2.485721426	2.139879086	0.77815125	0.77815125	0.698970004	0.698970004																																																																																																													
C3H.HeJ	187	10	9	4	3	0	0	6	6	1.041392685	1	0.698970004	0.602059991	0	0																																																																																																													
C57BL.6J	188	393	153	11	9	0	0	382	144	2.595496222	2.187520721	1.079181246	1	0	0																																																																																																													
C57BL.6J	189	7	7	3	3	0	0	4	4	0.903089987	0.903089987	0.602059991	0.602059991	0	0																																																																																																													
C57BL.6J	190	1870	443	2	2	17	17	1851	424	3.272073788	2.64738297	0.477121255	0.477121255	1.255272505	1.255272505																																																																																																													
DBA.2J	191	2526	620	13	11	463	159	2050	450	3.402605242	2.7930916	1.146128036	1.079181246	2.666517981	2.204119983																																																																																																													
DBA.2J	192	1236	321	13	9	8	8	1215	304	3.0923697	2.507855872	1.146128036	1	0.954242509	0.954242509																																																																																																													
DBA.2J	193	5451	1270	1600	381	1617	389	2234	500	3.736555847	3.104145551	3.204391332	2.582063363	3.208978517	2.591064607																																																																																																													
BXD31.TyJ	194	2	2	2	2	0	0	0	0	0.477121255	0.477121255	0.477121255	0.477121255	0	0																																																																																																													
BXD31.TyJ	195	7	5	0	0	5	3	2	2	0.903089987	0.77815125	0	0	0.77815125	0.602059991																																																																																																													
BXD31.TyJ	196	171	111	7	7	1	1	163	103	2.235528447	2.049218023	0.903089987	0.903089987	0.301029996	0.301029996																																																																																																													
BALB.cJ	197	6804	1500	2252	500	2290	500	2262	500	3.83282813	3.176380692	3.352761192	2.699837726	3.360025089	2.699837726																																																																																																													
BALB.cJ	198	6526	1500	2172	500	2170	500	2184	500	3.814713613	3.176380692	3.337059726	2.699837726	3.336659823	2.699837726																																																																																																													
129X1.SvJ	199	1	1	1	1	0	0	0	0	0.301029996	0.301029996	0.301029996	0.301029996	0	0																																																																																																													
129X1.SvJ	200	0	0	0	0	0	0	0	0	0	0	0	0	0	0																																																																																																													
129X1.SvJ	201	0	0	0	0	0	0	0	0	0	0	0	0	0	0																																																																																																													
A.J	202	1135	432	674	203	181	104	280	125	3.055378331	2.636487896	2.829303773	2.309630167	2.260071388	2.021189299																																																																																																													
A.J	203	1865	574	351	138	839	235	675	201	3.270911639	2.759667845	2.546542663	2.1430148	2.924279286	2.372912003																																																																																																													
A.J	204	4352	1071	1186	303	1422	351	1744	417	3.638788667	3.030194785	3.074450719	2.482873584	3.1532049	2.546542663																																																																																																													
BALB.cJ	205	6556	1500	2186	500	2174	500	2196	500	3.816705184	3.176380692	3.339848783	2.699837726	3.337459261	2.699837726																																																																																																													
BALB.cByJ	206	2413	625	7	7	247	118	2159	500	3.382737266	2.796574333	0.903089987	0.903089987	2.394451681	2.075546961																																																																																																													
BALB.cByJ	207	6109	1421	1770	421	2165	500	2174	500	3.78604121	3.152899596	3.248218561	2.625312451	3.335658452	2.699837726																																																																																																													
CBA.J	208	12	12	8	8	3	3	1	1	1.113943352	1.113943352	0.954242509	0.954242509	0.602059991	0.602059991																																																																																																													
CBA.J	209	1636	408	13	13	4	4	1619	391	3.214048679	2.611723308	1.146128036	1.146128036	0.698970004	0.698970004																																																																																																													
CBA.J	210	6	6	4	4	2	2	0	0	0.84509804	0.84509804	0.698970004	0.698970004	0.477121255	0.477121255																																																																																																													
FVB.NJ	211	2382	518	19	17	1	1	2362	500	3.377124042	2.715167358	1.301029996	1.255272505	0.301029996	0.301029996																																																																																																													
FVB.NJ	212	1187	286	4	4	1	1	1182	281	3.074816441	2.457881897	0.698970004	0.698970004	0.301029996	0.301029996																																																																																																													
FVB.NJ	213	11	10	5	5	0	0	6	5	1.079181246	1.041392685	0.77815125	0.77815125	0	0																																																																																																													
NOD.ShiLtJ	214	3127	814	327	125	631	189	2169	500	3.495266744	2.911157609	2.515873844	2.100370545	2.800717078	2.278753601																																																																																																													
NOD.ShiLtJ	215	6235	1405	2098	465	1936	440	2201	500	3.794906107	3.147985321	3.322012439	2.668385917	3.287129621	2.644438589																																																																																																													
NOD.ShiLtJ	216	5789	1352	1762	415	1859	437	2168	500	3.762678564	3.131297797	3.246252312	2.619093331	3.269512944	2.641474111																																																																																																													
SJL.J	217	2406	621	13	13	193	108	2200	500	3.38147609	2.793790385	1.146128036	1.146128036	2.28780173	2.037426498																																																																																																													
SJL.J	218	557	184	7	7	2	2	548	175	2.746634199	2.267171728	0.903089987	0.903089987	0.477121255	0.477121255																																																																																																													
SJL.J	219	649	206	8	8	1	1	640	197	2.812913357	2.315970345	0.954242509	0.954242509	0.301029996	0.301029996																																																																																																													
AXB8.PgnJ	220	5	5	3	3	0	0	2	2	0.77815125	0.77815125	0.602059991	0.602059991	0	0																																																																																																													
AXB8.PgnJ	221	2	2	2	2	0	0	0	0	0.477121255	0.477121255	0.477121255	0.477121255	0	0																																																																																																													
AXB8.PgnJ	222	1285	453	344	132	190	104	751	217	3.109240969	2.657055853	2.537819095	2.123851641	2.281033367	2.021189299																																																																																																													
C57BL.6J	223	771	243	18	18	13	11	740	214	2.8876173	2.387389826	1.278753601	1.278753601	1.146128036	1.079181246																																																																																																													
C57BL.6J	224	5	5	3	3	1	1	1	1	0.77815125	0.77815125	0.602059991	0.602059991	0.301029996	0.301029996																																																																																																													
C57BL.6J	225	6	6	5	5	1	1	0	0	0.84509804	0.84509804	0.77815125	0.77815125	0.301029996	0.301029996																																																																																																													
BXH22.KccJ	226	540	298	105	76	167	102	268	120	2.733197265	2.475671188	2.025305865	1.886490725	2.225309282	2.012837225																																																																																																													
BXH22.KccJ	227	2	2	1	1	0	0	1	1	0.477121255	0.477121255	0.301029996	0.301029996	0	0																																																																																																													
CXB1.ByJ	228	1	1	0	0	0	0	1	1	0.301029996	0.301029996	0	0	0	0																																																																																																													
CXB1.ByJ	229	2	2	2	2	0	0	0	0	0.477121255	0.477121255	0.477121255	0.477121255	0	0																																																																																																													
BTBR.T.tf.J	230	3	3	2	2	1	1	0	0	0.602059991	0.602059991	0.477121255	0.477121255	0.301029996	0.301029996																																																																																																													
BTBR.T.tf.J	231	3448	861	1064	276	262	118	2122	467	3.537693194	2.935507266	3.027349608	2.442479769	2.419955748	2.075546961																																																																																																													
BPL.1J	232	2179	625	350	138	631	192	1198	295	3.338456494	2.796574333	2.545307116	2.1430148	2.800717078	2.285557309																																																																																																													
BPL.1J	233	2661	715	828	230	966	255	867	230	3.425208051	2.854913022	2.918554531	2.36361198	2.985426474	2.408239965																																																																																																													
BXA13.PgnJ	234	6583	1351	1712	351	2543	500	2328	500	3.818489822	3.130976692	3.233757363	2.546542663	3.405517107	2.699837726																																																																																																													
BXA13.PgnJ	235	7118	1371	1700	371	2752	500	2666	500	3.852418993	3.137354111	3.230704314	2.57054294	3.439806211	2.699837726																																																																																																													
BTBR.T.tf.J	236	3	3	0	0	0	0	3	3	0.602059991	0.602059991	0	0	0	0																																																																																																													
BTBR.T.tf.J	237	4	4	2	2	1	1	1	1	0.698970004	0.698970004	0.477121255	0.477121255	0.301029996	0.301029996																																																																																																													
BXH22.KccJ	238	29	29	1	1	0	0	28	28	1.477121255	1.477121255	0.301029996	0.301029996	0	0																																																																																																													
BXH22.KccJ	239	12	12	2	2	1	1	9	9	1.113943352	1.113943352	0.477121255	0.477121255	0.301029996	0.301029996																																																																																																													
CBA.J	240	164	111	9	8	4	4	151	99	2.217483944	2.049218023	1	0.954242509	0.698970004	0.698970004																																																																																																													
CBA.J	241	3	3	1	1	1	1	1	1	0.602059991	0.602059991	0.301029996	0.301029996	0.301029996	0.301029996																																																																																																													
BXH8.TyJ	242	3265	777	8	8	1017	269	2240	500	3.51401618	2.890979597	0.954242509	0.954242509	3.007747778	2.431363764																																																																																																													
BXH8.TyJ	243	3	3	2	2	0	0	1	1	0.602059991	0.602059991	0.477121255	0.477121255	0	0																																																																																																													
BXA16.PgnJ	244	124	82	5	5	1	1	118	76	2.096910013	1.919078092	0.77815125	0.77815125	0.301029996	0.301029996																																																																																																													
BXA16.PgnJ	245	11	7	4	3	6	3	1	1	1.079181246	0.903089987	0.698970004	0.602059991	0.84509804	0.602059991																																																																																																													
LG.J	246	1462	495	444	156	460	159	558	180	3.165244326	2.695481676	2.648360011	2.195899652	2.663700925	2.204119983																																																																																																													
LG.J	247	1629	526	494	164	516	170	619	192	3.212187604	2.721810615	2.694605199	2.217483944	2.713490543	2.23299611																																																																																																													
BXA16.PgnJ	248	9	9	7	7	0	0	2	2	1	1	0.903089987	0.903089987	0	0																																																																																																													
BXA16.PgnJ	249	3	3	3	3	0	0	0	0	0.602059991	0.602059991	0.602059991	0.602059991	0	0																																																																																																													
LG.J	250	841	375	347	139	305	129	189	107	2.925312091	2.575187845	2.541579244	2.146128036	2.485721426	2.113943352																																																																																																													
LG.J	251	658	330	182	102	294	126	182	102	2.818885415	2.519827994	2.26245109	2.012837225	2.469822016	2.103803721																																																																																																													
BPL.1J	252	2883	768	1175	299	967	257	741	212	3.459995256	2.88592634	3.070407322	2.477121255	2.985875357	2.411619706																																																																																																													
BPL.1J	253	2365	655	833	225	787	218	745	212	3.37401474	2.816903839	2.921166051	2.354108439	2.896526217	2.340444115																																																																																																													
BPL.1J	254	13	13	6	6	1	1	6	6	1.146128036	1.146128036	0.84509804	0.84509804	0.301029996	0.301029996																																																																																																													
BXH4.TyJ	255	3	3	3	3	0	0	0	0	0.602059991	0.602059991	0.602059991	0.602059991	0	0																																																																																																													
BXH4.TyJ	256	2	2	0	0	2	2	0	0	0.477121255	0.477121255	0	0	0.477121255	0.477121255																																																																																																													
BXH4.TyJ	257	48	45	22	20	9	8	17	17	1.69019608	1.662757832	1.361727836	1.322219295	1	0.954242509																																																																																																													
BXA4.PgnJ	258	11	11	4	4	0	0	7	7	1.079181246	1.079181246	0.698970004	0.698970004	0	0																																																																																																													
BXD75.RwwJ	259	1551	510	626	192	609	188	316	130	3.190891717	2.7084209	2.797267541	2.285557309	2.785329835	2.276461804																																																																																																													
BXD75.RwwJ	260	1528	500	449	155	575	179	504	166	3.184407485	2.699837726	2.653212514	2.193124598	2.760422483	2.255272505																																																																																																													
BXH6.TyJ	261	6026	1322	1700	384	2043	445	2283	493	3.780101191	3.121559844	3.230704314	2.58546073	3.310480891	2.649334859																																																																																																													
BXH6.TyJ	262	542	177	1	1	1	1	540	175	2.73479983	2.250420002	0.301029996	0.301029996	0.301029996	0.301029996																																																																																																													
BXH6.TyJ	263	4924	1176	879	241	2188	500	1857	435	3.692406235	3.070776463	2.944482672	2.383815366	3.340245762	2.699837726																																																																																																													
I.LnJ	264	6339	1433	1837	433	2221	500	2281	500	3.802089258	3.156549151	3.264345507	2.63748973	3.346744055	2.699837726																																																																																																													
I.LnJ	265	6010	1404	1908	449	1988	465	2114	490	3.778946728	3.147676324	3.280805928	2.653212514	3.298634783	2.668385917																																																																																																													
BXH9.TyJ	266	1787	561	532	174	535	176	720	211	3.252367514	2.749736316	2.726727209	2.243038049	2.72916479	2.247973266																																																																																																													
BXH9.TyJ	267	3360	856	198	109	1278	321	1884	426	3.526468512	2.932980822	2.298853076	2.041392685	3.106870544	2.507855872																																																																																																													
CXB8.HiAJ	268	4123	993	1629	384	1385	332	1109	277	3.615318657	2.997386384	3.212187604	2.58546073	3.14176323	2.522444234																																																																																																													
CXB8.HiAJ	269	1471	494	799	224	305	129	367	141	3.16790781	2.694605199	2.903089987	2.352182518	2.485721426	2.113943352																																																																																																													
BXA25.PgnJ	270	8	8	3	3	0	0	5	5	0.954242509	0.954242509	0.602059991	0.602059991	0	0																																																																																																													
BXA25.PgnJ	271	3	3	3	3	0	0	0	0	0.602059991	0.602059991	0.602059991	0.602059991	0	0																																																																																																													
BXD75.RwwJ	272	4314	1060	1898	445	1273	322	1143	293	3.6349808	3.025715384	3.278524965	2.649334859	3.105169428	2.509202522																																																																																																													
BXD75.RwwJ	273	4035	955	383	144	1804	411	1848	400	3.605951158	2.980457892	2.584331224	2.161368002	3.256477206	2.614897216																																																																																																													
CXB11.HiAJ	274	2119	625	973	263	391	148	755	214	3.326335861	2.796574333	2.988558957	2.421603927	2.593286067	2.173186268																																																																																																													
CXB11.HiAJ	275	6527	1484	2125	484	2200	500	2202	500	3.814780146	3.171726454	3.32756326	2.685741739	3.342620043	2.699837726																																																																																																													
AXB19a.PgnJ	276	1	1	0	0	0	0	1	1	0.301029996	0.301029996	0	0	0	0																																																																																																													
AXB19a.PgnJ	277	9	7	6	4	1	1	2	2	1	0.903089987	0.84509804	0.698970004	0.301029996	0.301029996																																																																																																													
C58.J	278	415	176	38	32	1	1	376	143	2.619093331	2.247973266	1.591064607	1.51851394	0.301029996	0.301029996																																																																																																													
C58.J	279	838	358	208	105	208	105	422	148	2.923761961	2.555094449	2.320146286	2.025305865	2.320146286	2.025305865																																																																																																													
C58.J	280	4064	965	1320	313	1228	297	1516	355	3.60906055	2.984977126	3.120902818	2.496929648	3.089551883	2.474216264																																																																																																													
C58.J	281	5293	1222	1521	356	1817	419	1955	447	3.723783937	3.087426457	3.182414652	2.552668216	3.259593879	2.62324929																																																																																																													
CXB11.HiAJ	282	4542	1097	854	233	1519	369	2169	495	3.657342737	3.04060234	2.931966115	2.369215857	3.181843588	2.568201724																																																																																																													
CXB11.HiAJ	283	6051	1377	1647	383	2188	494	2216	500	3.781898919	3.139249218	3.216957207	2.584331224	3.340245762	2.694605199																																																																																																													
BXH22.KccJ	284	6	6	4	4	1	1	1	1	0.84509804	0.84509804	0.698970004	0.698970004	0.301029996	0.301029996																																																																																																													
BXH22.KccJ	285	15	14	14	13	0	0	1	1	1.204119983	1.176091259	1.176091259	1.146128036	0	0																																																																																																													
BXH19.TyJ	286	1145	432	293	127	516	170	336	135	3.059184618	2.636487896	2.46834733	2.10720997	2.713490543	2.23299611																																																																																																													
BXH19.TyJ	287	8	8	4	4	2	2	2	2	0.954242509	0.954242509	0.698970004	0.698970004	0.477121255	0.477121255																																																																																																													
AXB15.PgnJ	288	9	9	5	5	2	2	2	2	1	1	0.77815125	0.77815125	0.477121255	0.477121255																																																																																																													
AXB15.PgnJ	289	5	5	3	3	2	2	0	0	0.77815125	0.77815125	0.602059991	0.602059991	0.477121255	0.477121255																																																																																																													
BXH9.TyJ	290	2412	683	899	248	414	150	1099	285	3.382557322	2.835056102	2.954242509	2.396199347	2.618048097	2.178976947																																																																																																													
BXH9.TyJ	291	1578	521	860	239	422	153	296	129	3.19838213	2.717670503	2.935003151	2.380211242	2.626340367	2.187520721																																																																																																													
BXA14.PgnJ	292	547	181	6	6	2	2	539	173	2.738780558	2.260071388	0.84509804	0.84509804	0.477121255	0.477121255																																																																																																													
BXA14.PgnJ	293	219	110	5	5	1	1	213	104	2.342422681	2.045322979	0.77815125	0.77815125	0.301029996	0.301029996																																																																																																													
BXA25.PgnJ	294	7	7	5	5	0	0	2	2	0.903089987	0.903089987	0.77815125	0.77815125	0	0																																																																																																													
BXA25.PgnJ	295	3	3	1	1	1	1	1	1	0.602059991	0.602059991	0.301029996	0.301029996	0.301029996	0.301029996																																																																																																													
BXD75.RwwJ	296	1261	448	573	181	358	137	330	130	3.101059355	2.652246341	2.758911892	2.260071388	2.555094449	2.139879086																																																																																																													
BXD75.RwwJ	297	5	5	5	5	0	0	0	0	0.77815125	0.77815125	0.77815125	0.77815125	0	0																																																																																																													
AXB1.PgnJ	298	376	245	49	49	176	104	151	92	2.57634135	2.390935107	1.698970004	1.698970004	2.247973266	2.021189299																																																																																																													
AXB1.PgnJ	299	876	379	286	125	282	125	308	129	2.942999593	2.579783597	2.457881897	2.100370545	2.451786436	2.100370545																																																																																																													
AXB1.PgnJ	300	1073	364	22	20	428	153	623	191	3.031004281	2.562292864	1.361727836	1.322219295	2.632457292	2.187520721																																																																																																													
BXA14.PgnJ	301	1923	589	380	145	601	189	942	255	3.284205068	2.770852012	2.580924976	2.164352856	2.779596491	2.278753601																																																																																																													
BXA14.PgnJ	302	4	4	0	0	3	3	1	1	0.698970004	0.698970004	0	0	0.602059991	0.602059991																																																																																																													
BXA14.PgnJ	303	8	8	5	5	3	3	0	0	0.954242509	0.954242509	0.77815125	0.77815125	0.602059991	0.602059991																																																																																																													
NOR.LtJ	304	3140	824	1507	365	696	206	937	253	3.497067936	2.916453949	3.178401342	2.563481085	2.843232778	2.315970345																																																																																																													
NOR.LtJ	305	3348	852	643	185	1000	265	1705	402	3.524915148	2.930949031	2.808885867	2.269512944	3.000434077	2.424881637																																																																																																													
BXH22.KccJ	306	1	1	1	1	0	0	0	0	0.301029996	0.301029996	0.301029996	0.301029996	0	0																																																																																																													
AXB23.PgnJ	307	2	2	2	2	0	0	0	0	0.477121255	0.477121255	0.477121255	0.477121255	0	0																																																																																																													
AXB23.PgnJ	308	71	63	17	17	3	3	51	43	1.857332496	1.806179974	1.255272505	1.255272505	0.602059991	0.602059991																																																																																																													
I.LnJ	309	5391	991	7	5	2772	486	2612	500	3.731749884	2.996511672	0.903089987	0.77815125	3.44294987	2.687528961																																																																																																													
I.LnJ	310	4	4	2	2	2	2	0	0	0.698970004	0.698970004	0.477121255	0.477121255	0.477121255	0.477121255																																																																																																													
BXH22.KccJ	311	1	1	0	0	0	0	1	1	0.301029996	0.301029996	0	0	0	0																																																																																																													
SWR.J	312	8	7	5	5	1	1	2	1	0.301029996	0.301029996	0	0	0	0																																																																																																													
SWR.J	313	5	5	2	2	3	3	0	0	0.954242509	0.903089987	0.77815125	0.77815125	0.301029996	0.301029996																																																																																																													
AXB6.PgnJ	314	1318	463	468	161	606	186	244	116	0.77815125	0.77815125	0.477121255	0.477121255	0.602059991	0.602059991																																																																																																													
BXA7.PgnJ	315	6525	1500	2190	500	2165	500	2170	500	3.120244796	2.666517981	2.671172843	2.209515015	2.783188691	2.271841607																																																																																																													
C57BR.cdJ	316	5504	1304	1519	369	2057	480	1928	455	3.814647069	3.176380692	3.340642378	2.699837726	3.335658452	2.699837726																																																																																																													
C57BR.cdJ	317	5807	1312	1289	312	2267	500	2251	500	3.740757323	3.115610512	3.181843588	2.568201724	3.31344537	2.682145076																																																																																																													
BXD84.RwwJ	318	2	2	1	1	1	1	0	0	3.764026608	3.118264726	3.11058971	2.495544338	3.35564305	2.699837726																																																																																																													
BXD84.RwwJ	319	9	9	7	7	0	0	2	2	0.477121255	0.477121255	0.301029996	0.301029996	0.301029996	0.301029996																																																																																																													
CXB9.HiAJ	320	6626	1500	2236	500	2200	500	2190	500	1	1	0.903089987	0.903089987	0	0																																																																																																													
CXB9.HiAJ	321	3430	879	1138	290	1382	341	910	248	3.821316971	3.176380692	3.349665984	2.699837726	3.342620043	2.699837726																																																																																																													
MA.MyJ	322	6	6	2	2	2	2	2	2	3.535420718	2.944482672	3.056523724	2.463892989	3.14082218	2.534026106																																																																																																													
MA.MyJ	323	2470	702	863	242	740	217	867	243	0.84509804	0.84509804	0.477121255	0.477121255	0.477121255	0.477121255																																																																																																													
MA.MyJ	324	15	15	14	14	1	1	0	0	3.392872745	2.846955325	2.936513742	2.385606274	2.869818208	2.338456494																																																																																																													
C57BR.cdJ	325	2349	602	17	13	674	202	1658	387	1.204119983	1.204119983	1.176091259	1.176091259	0.301029996	0.301029996																																																																																																													
BXA7.PgnJ	326	6562	1489	2206	489	2178	500	2178	500	3.371067862	2.780317312	1.255272505	1.146128036	2.829303773	2.307496038																																																																																																													
BXA7.PgnJ	327	6724	1500	2235	500	2273	500	2216	500	3.817102404	3.173186268	3.343802333	2.69019608	3.33825723	2.699837726																																																																																																													
